7   5   5   6   7   8   5   3   7   5   8   6
5   2   2   4   6   1   1   1   3   1   1   1
4   4   7   2   1   4   1   1   6   6   7   4
4   2   1   2   1   6   6   1   1   1   1   1
3   3   3   1   3   1   1   1   1   3   1   3
1   1   6   1   1   4   5   1   1   3   1   1
1   6   5   5   1   1   1   5   1   1   4   6
1   1   8   7   1   6   1   1   6   5   1   6
1   6   8   6   1   1   1   5   1   6   1   1
3   3   7   1   1   1   1   1   8   1   6   3
3   1   1   6   6   1   1   1   1   1   1   1
3   1   1   4   10   1   1   1   1   1   1   1
4   4   4   2   1   5   1   1   10   1   1   1
1   1   1   1   1   1   7   1   1   1   1   1
1   3   1   1   1   1   1   10   1   1   1   1
2   1   1   4   3   1   1   1   1   7   1   1
